key=193be55d48d094dd2dabd8f933ffc82c76bef578804d6aa63503a24c22bb11d5\t{"schema_version":"1.0","event_time":"2026-07-05T04:00:59.756384Z","repo_name":"accelerate","file_path":"benchmarks/big_model_inference/big_model_inference.py","metadata_id":"193be55d48d094dd2dabd8f933ffc82c76bef578804d6aa63503a24c22bb11d5","file_hash":"377df29bc399ec413aab5235343a0131d47e1a7cf57a279a341efa53b9018220","line_count":143,"function_count":2,"class_count":0,"import_count":7,"node_count":877,"edge_count":1849,"status":"parsed"}
value=193be55d48d094dd2dabd8f933ffc82c76bef578804d6aa63503a24c22bb11d5\t{"schema_version":"1.0","event_time":"2026-07-05T04:00:59.756384Z","repo_name":"accelerate","file_path":"benchmarks/big_model_inference/big_model_inference.py","metadata_id":"193be55d48d094dd2dabd8f933ffc82c76bef578804d6aa63503a24c22bb11d5","file_hash":"377df29bc399ec413aab5235343a0131d47e1a7cf57a279a341efa53b9018220","line_count":143,"function_count":2,"class_count":0,"import_count":7,"node_count":877,"edge_count":1849,"status":"parsed"}
